(8, 8): 1
(8, 7): 1
(7, 7): 1
(7, 6): 2
(6, 6): 2
(6, 5): 5
(5, 5): 5
(5, 4): 14
(4, 4): 14
(4, 3): 42
(3, 3): 42
(3, 2): 132
(2, 2): 132
(2, 1): 429  <--------------------- The function generatePrefixesOfAWellFormedParentheses(2,1) is called 429 times. 
(1, 1): 429    
(1, 0): 429
(2, 0): 429
(3, 1): 297
(3, 0): 297
(4, 2): 90
(4, 1): 165
(4, 0): 165
(5, 3): 28
(5, 2): 48
(5, 1): 75
(5, 0): 75
(6, 4): 9
(6, 3): 14
(6, 2): 20
(6, 1): 27
(6, 0): 27
(7, 5): 3
(7, 4): 4
(7, 3): 5
(7, 2): 6
(7, 1): 7
(7, 0): 7
(8, 6): 1
(8, 5): 1
(8, 4): 1
(8, 3): 1
(8, 2): 1
(8, 1): 1
(8, 0): 1
